006201
00679B
00687B
00694B
00695B
00696B
00697B
00718B
00719B
00720B
00721B
00722B
00723B
00724B
00725B
00726B
00727B
00734B
00740B
00741B
00744B
00745B
00746B
00747B
00748B
00749B
00750B
00751B
00754B
00755B
00756B
00758B
00759B
00760B
00761B
00764B
00765B
1258
1259
1264
1268
1336
1565
1566
1569
1570
1580
1584
1586
1591
1593
1595
1597
1599
1742
1752
1777
1784
1785
1787
1788
1795
1813
1815
2035
2063
2064
2065
2066
2221
2230
2233
2235
2596
2640
2641
2726
2732
2734
2736
2916
2924
2926
2928
3071
3078
3081
3083
3088
3092
3093
3105
3114
3118
3122
3128
3141
3144
3147
3152
3163
3169
3171
3188
3202
3205
3206
3211
3213
3217
3218
3221
3224
3226
3227
3232
3234
3236
3252
3260
3264
3265
3272
3276
3284
3285
3289
3290
3293
3294
3297
3303
3306
3310
3317
3322
3323
3324
3325
3332
3354
3360
3362
3363
3373
3374
3379
3388
3390
3402
3434
3438
3441
3444
3455
3466
3479
3483
3484
3489
3490
3491
3492
3498
3499
3508
3511
3512
3516
3522
3526
3527
3529
3531
3537
3540
3541
3546
3548
3551
3552
3555
3556
3558
3563
3567
3577
3580
3581
3587
3594
3609
3611
3615
3623
3624
3625
3628
3630
3631
3632
3642
3646
3652
3663
3664
3666
3672
3675
3680
3685
3687
3689
3691
3693
3707
3709
3710
4102
4105
4107
4109
4111
4113
4114
4116
4120
4121
4123
4126
4127
4129
4130
4138
4147
4153
4157
4161
4162
4163
4167
4173
4175
4205
4207
4303
4305
4401
4406
4416
4417
4420
4429
4430
4432
4433
4502
4506
4510
4513
4523
4527
4528
4529
4533
4534
4535
4541
4543
4549
4550
4556
4561
4706
4707
4711
4714
4716
4721
4728
4735
4736
4741
4745
4747
4803
4804
4905
4907
4908
4909
4933
4939
4947
4953
4966
4971
4972
4973
4974
4979
4991
4995
5009
5011
5013
5014
5015
5016
5102
5201
5206
5210
5211
5212
5213
5220
5223
5230
5245
5251
5263
5272
5274
5281
5287
5289
5291
5299
5301
5306
5310
5312
5315
5321
5347
5349
5353
5356
5371
5383
5386
5392
5398
5403
5410
5425
5426
5432
5438
5439
5443
5452
5457
5460
5464
5465
5474
5478
5480
5481
5483
5487
5488
5489
5490
5493
5498
5508
5511
5512
5514
5516
5520
5523
5530
5536
5603
5604
5609
5703
5704
5820
5864
5903
5904
5905
6015
6016
6020
6021
6023
6026
6101
6104
6109
6111
6113
6114
6118
6121
6122
6123
6124
6125
6126
6127
6129
6138
6140
6143
6146
6147
6148
6150
6151
6154
6156
6158
6160
6161
6163
6170
6171
6173
6174
6175
6179
6180
6182
6185
6186
6187
6188
6190
6194
6195
6203
6204
6207
6208
6210
6212
6217
6218
6219
6220
6221
6223
6227
6229
6231
6233
6234
6237
6238
6240
6244
6245
6246
6248
6261
6263
6265
6266
6270
6274
6275
6279
6284
6290
6292
6294
6404
6411
6417
6426
6432
6435
6438
6441
6462
6465
6469
6470
6472
6485
6486
6488
6494
6496
6506
6508
6509
6510
6523
6530
6532
6538
6542
6548
6561
6568
6577
6603
6609
6613
6803
8024
8027
8032
8042
8043
8044
8047
8048
8049
8050
8054
8064
8066
8069
8071
8074
8076
8083
8085
8086
8088
8091
8096
8097
8099
8107
8109
8111
8155
8176
8182
8183
8234
8240
8255
8277
8289
8299
8349
8354
8358
8383
8390
8401
8403
8406
8410
8415
8418
8420
8421
8424
8426
8431
8432
8433
8435
8436
8437
8440
8444
8446
8450
8462
8476
8489
8905
8908
8913
8916
8917
8923
8924
8927
8928
8929
8930
8931
8933
8936
8937
8938
8941
8942
9949
9950
9951
9960
9962
